FoamFile
{
	version	2.0;
	format	ascii;
	class	dictionary;
	object	blockMeshDict;
}

convertToMeters 1.0;

vertices
(
	(-3.5 3.5 0) // 0
	(-0.7071067811865476 3.5 0) // 1
	(0 3.5 0) // 2
	(0.7071067811865476 3.5 0) // 3
	(3.5 3.5 0) // 4
	(3.5 0.7071067811865476 0) // 5
	(3.5 0 0) // 6
	(3.5 -0.7071067811865476 0) // 7
	(3.5 -3.5 0) // 8
	(0.7071067811865476 -3.5 0) // 9
	(0 -3.5 0) // 10
	(-0.7071067811865476 -3.5 0) // 11
	(-3.5 -3.5 0) // 12
	(-3.5 -0.7071067811865476 0) // 13
	(-3.5 0 0) // 14
	(-3.5 0.7071067811865476 0) // 15
	(-0.7071067811865476 0.7071067811865476 0) // 16
	(0 1.0 0) // 17
	(0.7071067811865476 0.7071067811865476 0) // 18
	(1.0 0 0) // 19
	(0.7071067811865476 -0.7071067811865476 0) // 20
	(0 -1.0 0) // 21
	(-0.7071067811865476 -0.7071067811865476 0) // 22
	(-1.0 0 0) // 23
	(-0.3535533905932738 0.3535533905932738 0) // 24
	(0.0 0.5 0) // 25
	(0.3535533905932738 0.3535533905932738 0) // 26
	(0.5 0.0 0) // 27
	(0.3535533905932738 -0.3535533905932738 0) // 28
	(0.0 -0.5 0) // 29
	(-0.3535533905932738 -0.3535533905932738 0) // 30
	(-0.5 0.0 0) // 31
	(-3.5 3.5 0.1) // 32
	(-0.7071067811865476 3.5 0.1) // 33
	(0 3.5 0.1) // 34
	(0.7071067811865476 3.5 0.1) // 35
	(3.5 3.5 0.1) // 36
	(3.5 0.7071067811865476 0.1) // 37
	(3.5 0 0.1) // 38
	(3.5 -0.7071067811865476 0.1) // 39
	(3.5 -3.5 0.1) // 40
	(0.7071067811865476 -3.5 0.1) // 41
	(0 -3.5 0.1) // 42
	(-0.7071067811865476 -3.5 0.1) // 43
	(-3.5 -3.5 0.1) // 44
	(-3.5 -0.7071067811865476 0.1) // 45
	(-3.5 0 0.1) // 46
	(-3.5 0.7071067811865476 0.1) // 47
	(-0.7071067811865476 0.7071067811865476 0.1) // 48
	(0 1.0 0.1) // 49
	(0.7071067811865476 0.7071067811865476 0.1) // 50
	(1.0 0 0.1) // 51
	(0.7071067811865476 -0.7071067811865476 0.1) // 52
	(0 -1.0 0.1) // 53
	(-0.7071067811865476 -0.7071067811865476 0.1) // 54
	(-1.0 0 0.1) // 55
	(-0.3535533905932738 0.3535533905932738 0.1) // 56
	(0.0 0.5 0.1) // 57
	(0.3535533905932738 0.3535533905932738 0.1) // 58
	(0.5 0.0 0.1) // 59
	(0.3535533905932738 -0.3535533905932738 0.1) // 60
	(0.0 -0.5 0.1) // 61
	(-0.3535533905932738 -0.3535533905932738 0.1) // 62
	(-0.5 0.0 0.1) // 63
);

blocks
(
	// block0
	hex (47 32 33 48 15 0 1 16 ) (20 20 1) simpleGrading (1 0.0625 1)
	// block1
	hex (48 33 34 49 16 1 2 17 ) (20 20 1) simpleGrading (1 1 1)
	// block2
	hex (49 34 35 50 17 2 3 18 ) (20 20 1) simpleGrading (1 1 1)
	// block3
	hex (35 36 37 50 3 4 5 18 ) (20 20 1) simpleGrading (16 1.0 1)
	// block4
	hex (50 37 38 51 18 5 6 19 ) (20 20 1) simpleGrading (16 1 1)
	// block5
	hex (51 38 39 52 19 6 7 20 ) (20 20 1) simpleGrading (16 1 1)
	// block6
	hex (39 40 41 52 7 8 9 20 ) (20 20 1) simpleGrading (1 0.0625 1)
	// block7
	hex (52 41 42 53 20 9 10 21 ) (20 20 1) simpleGrading (1 1 1)
	// block8
	hex (53 42 43 54 21 10 11 22 ) (20 20 1) simpleGrading (1 1 1)
	// block9
	hex (43 44 45 54 11 12 13 22 ) (20 20 1) simpleGrading (16.0 1.0 1)
	// block10
	hex (54 45 46 55 22 13 14 23 ) (20 20 1) simpleGrading (16.0 1 1)
	// block11
	hex (55 46 47 48 23 14 15 16 ) (20 20 1) simpleGrading (16.0 1 1)
	// block12
	hex (56 48 49 57 24 16 17 25 ) (20 20 1) simpleGrading (16 1 1)
	// block13
	hex (57 49 50 58 25 17 18 26 ) (20 20 1) simpleGrading (16 1 1)
	// block14
	hex (58 50 51 59 26 18 19 27 ) (20 20 1) simpleGrading (16 1 1)
	// block15
	hex (59 51 52 60 27 19 20 28 ) (20 20 1) simpleGrading (16 1 1)
	// block16
	hex (60 52 53 61 28 20 21 29 ) (20 20 1) simpleGrading (16 1 1)
	// block17
	hex (61 53 54 62 29 21 22 30 ) (20 20 1) simpleGrading (16 1 1)
	// block18
	hex (62 54 55 63 30 22 23 31 ) (20 20 1) simpleGrading (16 1 1)
	// block19
	hex (63 55 48 56 31 23 16 24 ) (20 20 1) simpleGrading (16 1 1)
);

edges
(

arc 16 17 (-0.3826834323650898 0.9238795325112867 0)
arc 17 18 (0.3826834323650898 0.9238795325112867 0)
arc 18 19 (0.9238795325112867 0.3826834323650898 0)
arc 19 20 (0.9238795325112867 -0.3826834323650898 0)
arc 20 21 (0.3826834323650898 -0.9238795325112867 0)
arc 21 22 (-0.3826834323650898 -0.9238795325112867 0)
arc 22 23 (-0.9238795325112867 -0.3826834323650898 0)
arc 23 16 (-0.9238795325112867 0.3826834323650898 0)
arc 24 25 (-0.1913417161825449 0.46193976625564337 0)
arc 25 26 (0.1913417161825449 0.46193976625564337 0)
arc 26 27 (0.46193976625564337 0.1913417161825449 0)
arc 27 28 (0.46193976625564337 -0.1913417161825449 0)
arc 28 29 (0.1913417161825449 -0.46193976625564337 0)
arc 29 30 (-0.1913417161825449 -0.46193976625564337 0)
arc 30 31 (-0.46193976625564337 -0.1913417161825449 0)
arc 31 24 (-0.46193976625564337 0.1913417161825449 0)
arc 48 49 (-0.3826834323650898 0.9238795325112867 0.1)
arc 49 50 (0.3826834323650898 0.9238795325112867 0.1)
arc 50 51 (0.9238795325112867 0.3826834323650898 0.1)
arc 51 52 (0.9238795325112867 -0.3826834323650898 0.1)
arc 52 53 (0.3826834323650898 -0.9238795325112867 0.1)
arc 53 54 (-0.3826834323650898 -0.9238795325112867 0.1)
arc 54 55 (-0.9238795325112867 -0.3826834323650898 0.1)
arc 55 48 (-0.9238795325112867 0.3826834323650898 0.1)
arc 56 57 (-0.1913417161825449 0.46193976625564337 0.1)
arc 57 58 (0.1913417161825449 0.46193976625564337 0.1)
arc 58 59 (0.46193976625564337 0.1913417161825449 0.1)
arc 59 60 (0.46193976625564337 -0.1913417161825449 0.1)
arc 60 61 (0.1913417161825449 -0.46193976625564337 0.1)
arc 61 62 (-0.1913417161825449 -0.46193976625564337 0.1)
arc 62 63 (-0.46193976625564337 -0.1913417161825449 0.1)
arc 63 56 (-0.46193976625564337 0.1913417161825449 0.1)

);

boundary
(

	inlet
	{
		type patch;
		faces
		(
			(0 32 47 15)
			(15 47 46 14)
			(14 46 45 13)
			(13 45 44 12)
		);
	}

	outlet
	{
		type patch;
		faces
		(
			(4 36 37 5)
			(5 37 38 6)
			(6 38 39 7)
			(7 39 40 8)
		);
	}

	top
	{
		type symmetryPlane;
		faces
		(
			(0 32 33 1)
			(1 33 34 2)
			(2 34 35 3)
			(3 35 36 4)
		);
	}

	bottom
	{
		type symmetryPlane;
		faces
		(
			(8 40 41 9)
			(9 41 42 10)
			(10 42 43 11)
			(11 43 44 12)
		);
	}

	cylinder
	{
		type wall;
		faces
		(
			(24 56 57 25)
			(25 57 58 26)
			(26 58 59 27)
			(27 59 60 28)
			(28 60 61 29)
			(29 61 62 30)
			(30 62 63 31)
			(31 63 56 24)
		);
	}

);